%YAML:1.0
homography: !!opencv-matrix
   rows: 3
   cols: 3
   dt: d
   data: [ 1.8483978060427353e+00, -6.2205695395669190e-02,
       -3.6910193689415894e+02, 2.1608879077902782e-02,
       1.9231902379333337e+00, -7.9347803974058650e+01,
       5.4022197694756940e-05, -4.3722825956733942e-05, 1. ]
