%YAML:1.0
homography: !!opencv-matrix
   rows: 3
   cols: 3
   dt: d
   data: [ 1.0641846258792929e+00, 5.3882765867304073e-03,
       -1.5318870336074887e+01, 1.8078591869587057e-02,
       1.0173316697522181e+00, -7.9604970526847140e+01,
       4.5196479673967639e-05, 8.4191821667661588e-06, 1. ]
